100 40 200
1 15 -0.0746932222127
1 28 0.432036642077
2 13 0.00629555375006
2 15 -0.490141068823
2 18 0.00626319893283
2 24 0.400069444649
3 21 -0.0718212316046
3 26 0.121993498161
3 29 -0.423466357655
3 30 -0.100659742817
3 34 0.00861163679249
3 35 0.624529818629
3 40 -0.474621606249
4 12 -0.124127116883
4 20 0.470467921501
4 33 0.594504131475
4 39 -0.00829846915923
5 29 -0.214441916908
6 9 0.215694050251
6 17 0.0434534119631
9 5 -0.376181017282
9 15 -0.270301715691
10 7 -0.0521839367919
10 13 -0.109543869661
10 17 -0.551633374469
10 35 -0.0541805705691
11 32 0.476496138373
11 39 0.0136476068654
13 1 -0.0637954529449
13 9 0.599270057713
13 32 -0.441081968131
13 39 -0.0324706481783
14 21 -0.530274743035
15 6 0.37842871217
16 12 0.472649319271
17 16 0.236856717597
17 36 0.267045614418
17 37 0.0220371692902
19 5 -0.427902857133
19 12 -0.484284890264
20 18 0.158813199583
20 24 0.0190952797272
20 28 -0.418311037461
20 36 0.689256533712
20 37 0.0767532001086
21 19 0.073711009452
21 25 -0.497541392297
21 34 -0.0108071591308
21 40 0.344451390748
22 40 -0.308348057162
23 27 0.0280144803258
24 31 -0.0445876400415
25 40 -0.150300123147
26 16 -0.41957840984
27 16 0.174621303066
27 18 0.312514956338
27 27 -0.150367981041
27 34 -0.0259822430719
27 40 0.251972057039
28 37 -0.511034511687
29 15 -0.481720111419
29 25 0.505393623482
29 29 0.209957767393
30 10 0.530663593463
31 11 -0.00363885614342
31 14 0.079431611186
31 17 -0.214914625514
31 19 -0.083874295073
31 24 0.446100640895
31 27 -0.126210880881
32 2 -0.0103897147674
32 7 -0.920202961931
32 26 -0.0606892420239
33 6 0.0222347132171
33 8 0.336509773496
33 28 -0.0212027220836
33 31 -0.732693134777
33 34 0.275095874384
34 14 0.378501561666
34 21 0.308103603565
34 26 -0.0762156817739
36 21 0.0272775715911
36 26 -0.505468742752
37 1 0.997258008101
37 9 -0.130353230865
37 30 0.0489310806153
38 3 0.447069826382
38 5 0.237046453494
39 4 -0.612414743369
39 26 -0.503696404404
39 28 0.0405823392869
39 34 -0.0262784848049
40 3 -0.19878428674
41 6 -0.0839012786018
41 8 -0.602019152855
41 12 0.00941512282481
41 15 0.456886428822
44 2 -0.110206686805
44 3 -0.375815583288
44 32 -0.159871188949
45 22 -0.0675570554685
45 27 0.448881713527
46 16 -0.00585450959448
46 20 0.259571819497
46 22 -0.0242147909923
49 7 -0.271619963032
49 31 -0.0687954852693
50 11 -0.0237639350859
50 17 -0.131681279677
51 34 0.0283392285205
51 40 -0.185586104888
52 12 -0.161502105256
53 6 -0.0143361452568
53 8 -0.620284609484
53 14 -0.454820997701
53 36 0.586895907992
55 5 0.340141263448
55 7 -0.2260441359
56 2 -0.0439318485614
56 3 -0.0699326855758
56 17 0.088496978276
56 18 -0.404444477423
56 29 -0.077562264675
56 39 0.301720346305
59 18 -0.279778549072
60 35 0.131023877543
61 23 -0.561177245078
62 14 0.0629800944862
62 22 -0.142240884507
62 27 0.446229515957
63 11 -0.155103261506
63 12 0.234764096217
63 31 -0.495227224443
64 5 -0.336293086919
65 22 -0.7626589778
66 20 0.545841696478
66 23 -0.110568613732
67 37 -0.551842626743
67 38 -0.701532171239
67 39 -0.340432842646
68 13 0.19837830817
68 40 -0.117637945047
70 2 0.0971723325314
70 3 0.293768234719
71 18 -0.455513488309
71 34 0.300367412542
72 10 -0.349798732266
73 35 -0.527311953563
74 30 -0.278516175975
75 13 -0.363911496333
76 6 -0.606948058033
76 16 -0.497891297453
76 19 -0.0220972369111
78 17 0.369959324551
78 38 -0.573757352602
79 4 -0.646810942062
79 14 0.0558100159476
79 19 -0.651635790527
79 32 0.394142908857
80 31 0.323419444955
82 23 -0.21233126234
83 30 0.0941070861983
84 9 0.217448548318
84 10 -0.750901640843
84 24 -0.671173720705
84 27 -0.406414332443
84 28 0.284276597662
85 35 -0.429664936322
86 25 -0.51446416858
86 30 0.664501025822
87 2 -0.0279905080228
87 3 -0.393859454251
88 4 -0.190730820239
88 14 -0.500218500261
88 19 0.0245897362169
88 25 0.241383286441
89 2 0.0345080841342
89 3 0.494167099798
89 13 0.52776273476
90 1 -0.0174699357663
90 9 0.442680423725
90 11 0.670015969878
90 23 0.29881911214
91 23 -0.421969924798
91 26 0.213385402226
91 34 -0.125436201848
93 38 0.123099744599
94 14 -0.0175941246686
94 19 0.756784894162
94 33 -0.357187068082
94 39 0.0610726405546
95 26 -0.135062598981
95 27 -0.247385857753
96 4 0.277098714411
96 16 -0.162581809492
96 28 0.118618521743
96 39 0.0341945001981
100 13 0.358932388206
100 33 -0.508588882554
100 34 0.269240544403
