1 4 -0.0139460148384
1 11 -0.0413530039294
1 15 -0.0996683392444
1 23 -0.000212600367659
1 24 -0.062687266861
1 25 0.0111077388094
1 28 0.406797327844
1 33 0.0907042827245
2 12 -0.142930724362
2 13 0.174740705428
2 15 -0.396348472623
2 18 0.125122281776
2 24 0.595761564243
3 10 -0.125690974046
3 21 -0.215268667837
3 25 0.0231907573393
3 26 0.300251032592
3 28 -0.075258420573
3 29 -0.432334771915
3 30 -0.287309532032
3 32 -0.0730595808799
3 34 0.215614396382
3 35 1.01220782206
3 38 -0.0581074376927
3 39 -0.0471228047383
3 40 -0.816411116216
4 12 -0.322148885756
4 13 -0.062521366248
4 20 0.60624410728
4 23 0.0258962507976
4 33 0.96434327483
4 39 -0.166612050442
5 19 -0.00948248867066
5 21 -0.0629772647275
5 26 0.0408833093588
5 29 -0.212493058871
5 30 -0.0365756604731
5 33 -0.0297097722101
5 38 0.025242940755
6 5 0.0242175829157
6 9 0.426745738259
6 11 0.0480556325276
6 17 0.22360351013
6 22 0.0274137158472
6 34 -0.00151079572704
7 1 0.0394635774479
7 10 0.00925759419078
7 11 0.00645209018867
7 32 -0.0974685754082
7 35 0.00194039188356
8 1 -0.0412988287841
8 2 -0.0117432940125
8 11 0.0198988720076
8 25 0.00793618918706
8 33 -0.0338898060156
8 39 -0.0139608718026
9 5 -0.649507103141
9 7 -0.0203565549286
9 12 -0.0690040985567
9 15 -0.218800310821
9 39 0.0380627194584
10 1 -0.018526277167
10 2 -0.0843241555376
10 6 0.0412565094406
10 7 -0.187589594134
10 11 -0.0793603529062
10 12 -0.0589158407451
10 13 -0.181865552559
10 14 -0.0255047334885
10 17 -0.864470677253
10 18 0.0220212902264
10 23 0.00582718061815
10 29 0.0287187770017
10 30 0.0672961312064
10 32 0.0118195642011
10 35 -0.194005386367
11 3 -0.0252314927638
11 7 -0.0329844360376
11 10 0.0302478793693
11 17 -0.0104785228819
11 20 0.0351849508428
11 22 0.0169933218819
11 27 -0.0276497253263
11 30 -0.0143939246898
11 32 0.72903736777
11 33 -0.0137283590149
11 35 -0.00524584056261
11 36 -0.0651943829638
11 39 0.117036203072
12 1 0.0385061264736
12 17 0.0485023040225
12 25 -0.0858773586331
12 33 -0.0732844066424
12 35 0.0483768854546
12 39 -0.0210612920978
13 1 -0.147884273031
13 2 -0.019222873366
13 9 0.885283472215
13 14 0.0261161150356
13 28 -0.0301221416651
13 32 -0.740305849922
13 39 -0.136964731918
14 2 0.00147758467357
14 21 -0.882731840816
14 25 0.0299508060385
14 26 0.235134912786
14 36 0.0149094388128
15 6 0.509486359427
15 8 0.0223868443095
15 10 0.0543694714372
15 13 -0.0218265110431
15 20 0.0250914118609
15 23 0.00347819710891
15 30 -0.0211633835058
15 34 0.107317364832
15 40 -0.000981178906854
16 1 0.0293868305551
16 3 -0.0810476092209
16 10 0.0175316074146
16 11 0.0442047436678
16 12 0.66044749638
16 13 0.16125663997
16 21 -0.00642460705494
17 2 -0.0181244683328
17 11 0.0207559322367
17 15 0.0163339633274
17 16 0.375168565838
17 22 0.0789359234148
17 28 -0.0100886016125
17 30 -0.0106328178542
17 32 -0.11336962934
17 36 0.383217853524
17 37 0.121331050834
18 11 0.0837173557765
18 25 0.0652978912314
18 31 -0.00863697344449
18 39 -0.0172279254416
19 5 -0.717326440142
19 12 -0.633567404037
19 13 -0.102932672111
19 37 0.0271018566169
19 39 -0.0425052692861
20 4 -0.0143533611152
20 18 0.375600674548
20 22 0.0799511774554
20 24 0.177689646559
20 25 -0.112016095957
20 27 -0.00484176942746
20 28 -0.50324626455
20 29 -0.022351062421
20 34 -0.00251787971312
20 36 0.967468000562
20 37 0.163645859229
20 39 -0.0566498632938
21 2 -0.0788702288428
21 5 -0.00324129729845
21 9 -0.0407431123636
21 19 0.257487156842
21 25 -0.843577855291
21 34 -0.177746803314
21 37 -0.0211181814342
21 40 0.630080643509
22 30 0.0353199625151
22 33 -0.0547800315518
22 34 0.0776043435922
22 40 -0.622418166323
23 3 -0.0833512263379
23 5 0.041851846735
23 9 -0.0383291955867
23 27 0.10409157656
24 2 -0.0583790051769
24 3 -0.0905676393069
24 17 -0.00847181095279
24 23 -0.0167015610091
24 31 -0.24815165731
24 33 0.0955091426525
25 24 0.025405385614
25 40 -0.464591211121
26 1 -0.0384357557558
26 6 0.0215790293903
26 8 0.0188785751126
26 16 -0.59152076475
26 17 -0.0649965252675
26 20 0.0626663092881
26 33 -0.0278417566348
27 16 0.327818879882
27 17 0.0075259574537
27 18 0.470282849556
27 27 -0.257320898715
27 33 0.0564631641215
27 34 -0.175529819466
27 40 0.480523663407
28 1 0.0446233503714
28 4 -0.0602701303368
28 36 -0.038945137926
28 37 -0.752917275052
29 6 -0.0419745443581
29 12 -0.041023201128
29 15 -0.30563547136
29 17 0.0125043444117
29 18 0.0796363912711
29 24 0.0116059606859
29 25 0.803149520465
29 28 0.0785597658347
29 29 0.149674260581
29 30 0.0607942633791
30 4 -0.167273415238
30 7 0.0232894312895
30 10 0.775581276949
30 23 0.0139146205704
30 33 0.0279355619159
30 37 0.0478624141814
31 4 -0.0429222143405
31 11 -0.113001887732
31 14 0.322955799037
31 17 -0.461344559675
31 19 -0.166262769292
31 22 0.0277927058843
31 23 0.00657183301194
31 24 0.641235959337
31 27 -0.300620740738
31 38 -0.0189939390125
32 2 -0.129749810188
32 7 -1.33776188432
32 9 0.000784605307073
32 16 0.0349810648626
32 21 0.120507777896
32 25 -0.0173251866207
32 26 -0.239566613967
32 32 -0.00697737085772
33 6 0.164436563138
33 8 0.346990441069
33 10 -0.038758290973
33 24 0.060027720316
33 28 -0.179591343284
33 31 -1.25910584012
33 33 -0.0397230307965
33 34 0.420024464082
33 40 -0.130462224766
34 4 -0.0170750639657
34 5 -0.00843268476969
34 12 0.00359836504615
34 14 0.721824827
34 18 -0.0410553588564
34 19 -0.0832646741898
34 21 0.570126454868
34 26 -0.348989178458
34 33 -0.0766209085788
35 1 0.0193574017016
35 3 -0.00448409257304
35 22 -0.0401396784639
35 36 -0.0653205796676
36 5 0.0464134421638
36 21 0.301853306963
36 26 -0.916820864397
36 28 0.00838966471981
36 31 -0.0285758176969
36 38 0.00450409190897
37 1 1.12733398387
37 2 0.00889393013679
37 9 -0.350407529596
37 21 -0.0428976383239
37 30 0.273762319858
37 36 -0.0641367098321
37 38 0.0180544897693
37 39 -0.0131336221362
38 2 0.005749212847
38 3 0.750436253899
38 5 0.506073872262
38 7 0.0679170925885
38 9 0.0228202825057
38 10 -0.0586482297308
38 18 -0.0349919038806
38 26 0.0936452312979
38 29 0.0301731597609
39 4 -0.983114858721
39 5 -0.0358237268783
39 10 0.0924213937591
39 21 0.236939530555
39 26 -0.860327123261
39 28 0.17248410414
39 32 -0.0763347520638
39 34 -0.167875377444
39 40 0.0364100102414
40 3 -0.483191351823
40 5 -0.0556612790266
40 8 0.0518789039642
40 9 -0.0287658656502
40 11 -0.0273391892084
40 34 0.00521172821688
40 38 -0.03585745866
41 2 -0.12993651031
41 6 -0.175923295225
41 8 -0.496811060691
41 12 0.173223683251
41 13 -0.0929672927245
41 15 0.281959499088
41 32 -0.0371358427549
41 37 0.0125744587918
42 7 -0.119495523656
42 22 -0.0298943024378
42 27 0.0365656038525
42 31 0.0633093031515
42 39 0.00120361727303
43 1 0.0535859912487
43 15 -0.0464556472324
43 39 -0.0558043443062
44 2 -0.172649762636
44 3 -0.668065635954
44 7 -0.0563431116522
44 32 -0.372964366749
44 36 0.0687928903641
44 38 0.0245111845896
44 39 -0.0804034300035
45 22 -0.204589689857
45 25 -0.0282614033992
45 27 0.572150066472
45 36 -0.0134356209227
45 37 -0.0174769039844
46 16 -0.11678074087
46 20 0.292937599748
46 23 0.00781920032327
46 33 -0.0852491549318
46 35 0.0625565545891
47 20 -0.022286343086
47 33 0.0595297616823
48 7 -0.0179203580745
48 22 -0.0253730741465
48 25 -0.024010312528
48 39 -0.0850198318332
49 7 -0.466819469318
49 9 0.00803889272744
49 11 -0.0492456616628
49 17 -0.0167358734678
49 25 -0.0153660493977
49 31 -0.232884655687
50 4 0.0036580095815
50 10 -0.039031499807
50 11 -0.0954994115755
50 17 -0.35158643872
50 37 0.0370731636462
50 39 -0.0250105305045
51 2 -0.0254894603898
51 19 0.0158113845775
51 34 0.197697632418
51 40 -0.412320987809
52 3 -0.00420413122857
52 5 -0.0519348615342
52 12 -0.321856567859
52 29 -0.00883584049447
53 2 0.049880580882
53 5 0.0472289070899
53 6 -0.185833715872
53 8 -0.581842186866
53 10 0.0172151283783
53 14 -0.774736007415
53 16 -0.0112793065141
53 17 -0.0530313333716
53 19 0.0750615972806
53 24 -0.0538979719211
53 29 0.0276800025636
53 32 -0.0855560375434
53 33 -0.0837052829055
53 35 0.00914139589949
53 36 0.824708243327
53 37 0.0821685598369
54 1 0.067337388894
55 1 -0.0107896483748
55 2 -0.0361061508893
55 5 0.603951903582
55 7 -0.4334548219
55 9 0.0445222209348
55 17 0.0114221391822
55 27 0.0276869957864
55 30 0.00583662173261
55 33 -0.00811619466523
56 2 -0.0968732034828
56 3 -0.203041618798
56 7 -0.0101689692606
56 16 0.00668262272841
56 17 0.316274484744
56 18 -0.601595280067
56 22 0.0395032093027
56 27 -0.0234109505711
56 29 -0.144563598572
56 39 0.524654077043
58 2 0.042313050545
58 18 -0.0618220490841
58 30 -0.0339867893049
59 6 0.0217661017832
59 7 0.03650851181
59 16 0.0452741547969
59 18 -0.414602959638
60 5 0.00481304369454
60 21 -0.0280252659422
60 35 0.389568688058
61 4 0.0472350482904
61 7 0.00212380043746
61 15 -0.0109994653588
61 16 0.0199355922797
61 23 -0.564442531053
61 27 0.000929760576519
61 33 0.000417960305884
61 38 0.0542701972959
62 14 0.282385551691
62 22 -0.283104228954
62 24 -0.115939276481
62 26 -0.0176192042556
62 27 0.588579324816
62 36 -0.0247001931531
62 38 0.141913832413
62 39 -0.000275865413425
63 3 0.0590637782559
63 11 -0.25568414698
63 12 0.397624430836
63 31 -0.883522394625
63 38 -0.0571871702469
64 5 -0.624878024578
64 6 -0.0292348137131
64 9 -0.146726866866
64 15 0.0189410632443
65 11 0.0171482604384
65 22 -0.964330910513
65 29 0.0601070824097
65 37 -0.0843284086226
66 8 0.0421569155606
66 12 -0.00862686314564
66 16 -0.0950221669434
66 20 0.660026632258
66 22 0.0226263072457
66 23 -0.148198377281
67 1 -0.0180809599542
67 6 -0.00626693513778
67 9 0.0138386681976
67 10 -0.0286087374895
67 12 0.013959611966
67 31 -0.188573904974
67 36 -0.0280721139481
67 37 -0.800271338991
67 38 -1.06201210943
67 39 -0.599634000021
68 4 -0.0497337120035
68 9 0.0349739252931
68 12 0.0115963124127
68 13 0.336508108554
68 34 0.0787509211417
68 38 -0.12129761068
68 40 -0.361890957093
69 1 0.0275441923401
69 2 0.0659333697383
69 31 -0.0093501085544
69 33 -0.0792535685016
70 2 0.168177816205
70 3 0.533357916036
70 6 0.100082542172
70 11 0.0419603724074
70 26 -0.0645848150751
70 32 0.0806624354065
70 33 0.0383605520867
71 17 0.0332238018831
71 18 -0.637331079957
71 24 0.0265457028956
71 26 0.073402902252
71 29 0.0133486664003
71 30 0.103025665299
71 34 0.533224722698
71 36 0.0567931190622
71 37 -0.00148105958586
71 40 -0.134247098017
72 1 -0.0143328287468
72 4 0.0464096273311
72 10 -0.576488581198
72 18 0.00521618553913
72 29 -0.0363799500933
72 33 -0.054696828491
72 35 0.0337282468897
73 5 -0.0272623427122
73 8 0.0528752823122
73 23 0.0110371862144
73 35 -0.93139958356
74 25 0.0402556421301
74 27 -0.00756334735075
74 30 -0.465464874106
74 38 0.083186932219
75 2 -0.0101000345771
75 7 -0.00164373920765
75 8 0.0199874238191
75 11 0.0904729097103
75 12 -0.114482660941
75 13 -0.575314325274
75 24 -0.0281377427153
75 31 0.0107508215954
75 38 -0.0182110848707
76 2 0.0584189580092
76 6 -0.737716508751
76 9 0.112506585374
76 12 -0.0351813152899
76 13 0.0256527447659
76 16 -0.656715083192
76 17 -0.0401171721042
76 18 0.0891681896182
76 19 -0.183475476677
76 20 0.00924335117319
76 22 -0.0375572917249
76 31 0.0205324198696
76 37 0.00755477074375
77 19 -0.0638936870647
77 31 0.0820732266483
77 39 0.0565238137961
78 10 -0.0405227312159
78 11 0.0222340663553
78 17 0.674612502069
78 19 0.0300276873161
78 22 -0.0529538553753
78 23 -0.00379550310092
78 31 -0.108307785773
78 38 -0.913366307751
79 4 -1.08323295341
79 14 0.329294700777
79 19 -0.84839639563
79 32 0.681518496338
79 34 -0.0523347162443
79 36 -0.111615644391
79 37 -0.0191896221241
79 39 0.0875631122228
80 2 -0.0181878513969
80 29 -0.00659754637314
80 31 0.591912917341
80 33 -0.0896147705736
81 22 0.0110934766813
81 34 -0.0728881407413
81 37 0.0408214244585
81 39 0.0327193039616
82 5 0.0312969721477
82 13 0.0359494258662
82 18 0.00601043703346
82 23 -0.256625468811
82 25 0.00190158110267
82 27 0.0064924647954
82 37 0.0627324327971
82 38 0.016903256675
82 39 0.0258912892211
83 2 0.0800199258771
83 6 -0.0255555577613
83 30 0.201151097509
83 35 -0.0368019830659
83 40 -0.00661576763033
84 1 -0.0433570659395
84 4 0.0265429823545
84 5 0.00889707196876
84 7 0.0573691823269
84 9 0.341783530175
84 10 -0.9917094103
84 12 0.0167112158206
84 15 0.0196004553224
84 24 -0.809123405501
84 27 -0.436159497478
84 28 0.23809602963
84 33 0.0240226640584
84 36 0.0605552655446
85 5 0.00886002821889
85 8 0.101426399162
85 18 -0.0453336708595
85 24 -0.0243859764815
85 35 -0.75802563565
86 2 0.0519260096454
86 23 -0.0135408028784
86 25 -0.910073048383
86 28 -0.0698794548113
86 29 0.0303808746873
86 30 0.960148246118
86 35 0.115369446776
87 1 -0.0204238955271
87 2 -0.107916523976
87 3 -0.687433644891
87 21 -0.0173550425902
87 39 0.0131601130879
88 1 0.0796729963728
88 4 -0.430082131503
88 7 0.00953475182711
88 14 -0.878526680796
88 17 -0.0773107650425
88 19 0.157296427417
88 25 0.49499846329
88 35 -0.0345185124215
89 2 0.0260501177849
89 3 0.846001746599
89 6 -0.0193160754516
89 7 0.104438246236
89 12 0.172194454507
89 13 0.618747901838
89 19 0.0209443108509
89 22 -0.0187257064294
89 23 -0.0194264906209
89 32 -0.00922961703105
89 34 0.0121387495698
90 1 -0.0896944058348
90 5 0.0888469586089
90 7 -0.0323227586351
90 9 0.610720614454
90 11 0.837698040566
90 13 -0.0416604896402
90 14 0.0140942161288
90 15 0.0084939576935
90 16 -0.102784470804
90 17 0.0363838743335
90 23 0.319991651081
90 24 0.00168201471887
90 36 -0.0186579388779
90 38 -0.0102055030661
91 6 -0.0123089795109
91 7 0.0142952320564
91 13 0.086902286533
91 16 0.0118980570111
91 21 -0.150813749315
91 23 -0.492172981049
91 26 0.398474747779
91 27 0.00566219906779
91 32 0.0481371792499
91 34 -0.278958508101
91 39 0.0292338721699
91 40 0.119709239834
92 13 0.0719119241586
92 15 -0.0210824265163
92 25 0.0305230615155
92 26 0.00216192674659
92 29 -0.0241689751408
92 34 -0.026755011095
92 37 -0.0776296107648
93 20 0.0361019803683
93 31 -0.0643566548548
93 33 0.0180833347949
93 38 0.325555361909
94 5 -0.0704974510001
94 14 -0.266288155839
94 19 0.950961743851
94 33 -0.637895772745
94 39 0.199523312165
95 5 0.0690685252007
95 21 0.108183007739
95 23 0.0031041596318
95 26 -0.401728757853
95 27 -0.342435951646
96 4 0.619955695832
96 5 0.00892976931485
96 16 -0.348924444482
96 20 0.0268727217047
96 22 -0.000169364892336
96 24 -0.0342099663822
96 28 0.224826543889
96 35 -0.000705115587832
96 39 0.14065080254
97 2 0.0942483008249
97 7 0.00939289202461
97 25 -0.036148900077
97 37 0.0366947510677
97 39 0.00912540917715
98 14 0.0286461812365
98 38 0.0112664088359
99 1 -0.00434119163147
99 2 -0.0273308332556
99 22 0.00307748704895
99 24 -0.0155415697433
100 5 0.0207980325461
100 7 -0.091558751433
100 9 -0.00295796763759
100 12 0.091167279553
100 13 0.48672537376
100 33 -0.912445404373
100 34 0.513792978483
100 37 0.0512395268322
100 39 0.0672491371272
