2.66525835169
1.00624901628
3.08969326939
1.01816399443
1.95961053518
1.00373148934
1.29856218521
2.80512231847
2.74347878322
2.52815567584
1.0141026703
2.00164407575
2.57401326095
2.68302439074
1.92391973237
1.90034956673
2.54156198384
3.19813707256
3.13964271582
3.08032051275
2.26967058479
2.42277447793
1.57160809042
3.03479404956
2.53668911841
2.69955156501
2.93684752252
2.82035209888
2.32237033858
1.33317827101
2.73644661905
2.13041369048
2.78739991994
1.9812249492
2.72215852785
1.02344503396
2.72777449947
2.66875327963
2.46379816254
2.73874530743
