37 1 2.16138436876
90 1 -0.0567372064542
44 2 -0.00134364021878
70 2 0.00621057200963
38 3 1.36146089943
40 3 -0.829000339237
56 3 -0.660211210773
70 3 1.04491733119
89 3 1.46223435966
39 4 0.0997911213983
79 4 -0.0559685002967
88 4 -0.0257241029596
9 5 -0.0353637140188
38 5 0.6791791602
55 5 1.23692644327
64 5 -0.0369027836719
41 6 0.0230948524436
53 6 0.0169796674432
10 7 -0.129971237885
49 7 -0.596412195871
55 7 -0.0624951833723
33 8 0.965776501396
41 8 -0.0529342900648
53 8 -2.04311479578
6 9 -0.0513826754728
13 9 1.89687649857
90 9 1.06355189248
30 10 1.64246337919
72 10 -1.35122160433
31 11 0.0960249154348
63 11 -0.025643088465
4 12 0.11954196053
16 12 -0.0198692320619
52 12 -1.04104266022
63 12 1.06688962796
10 13 -0.430115942919
68 13 0.86682256221
89 13 1.50597060912
100 13 1.19391516112
34 14 1.55395082991
53 14 -1.48174324708
9 15 -1.36688327201
17 16 1.06397269208
96 16 -0.802083297383
50 17 -0.115632579353
56 17 0.969254551822
78 17 1.66909299825
20 18 0.866391236098
56 18 -1.37847804473
59 18 -1.03282805405
71 18 -1.51200568979
21 19 0.768770973785
79 19 0.0453839256978
94 19 2.57501293244
4 20 2.2880048355
46 20 1.20817070868
14 21 -1.16308634909
34 21 1.3017771785
45 22 -0.0499039569085
62 22 -0.298509685804
65 22 -1.91173836854
61 23 -0.00585358547141
66 23 -0.956044540489
82 23 -0.0529608163117
2 24 1.3248243818
31 24 1.54567923427
84 24 -1.67611675912
86 25 -2.02544453279
3 26 0.433174883536
39 26 -1.81554548498
95 26 -1.00275215576
23 27 -0.0148492413838
31 27 -0.684772205282
45 27 1.71190493126
62 27 1.30469403456
95 27 -1.17435426071
20 28 -1.9834686078
39 28 0.333875371299
84 28 1.27734187759
3 29 -1.74510293308
5 29 -0.0756344913629
56 29 -0.608521206586
37 30 0.397589644262
74 30 0.100866736803
83 30 0.537240941959
33 31 -1.81467363952
63 31 -1.5508779521
79 32 1.59849653179
4 33 1.83672576303
100 33 -1.37493036432
33 34 -0.191567784002
39 34 -0.546654082175
91 34 -0.882492534822
100 34 0.945937846432
60 35 0.632251411344
73 35 -2.09717951458
17 36 0.161994489562
20 36 0.0119432996202
53 36 -0.012920713557
28 37 -1.71188931064
67 37 -1.25810291151
67 38 -2.17465185271
93 38 -0.00574525746225
4 39 0.0395911389477
56 39 1.36521446786
67 39 -1.22952574514
3 40 -1.30136982896
21 40 1.19902664233
25 40 -0.746920800945
51 40 -0.921298370977
68 40 -0.733571674336
